name: qs-env
channels:
  - quantum-engineering
  - defaults
dependencies:
  - argon2-cffi=20.1.0=py37he774522_1
  - attrs=20.1.0=py_0
  - backcall=0.2.0=py_0
  - backports=1.0=py_2
  - backports.weakref=1.0.post1=py_1
  - bleach=3.1.5=py_0
  - ca-certificates=2020.7.22=0
  - certifi=2020.6.20=py37_0
  - cffi=1.14.2=py37h7a1dbc1_0
  - colorama=0.4.3=py_0
  - decorator=4.4.2=py_0
  - defusedxml=0.6.0=py_0
  - entrypoints=0.3=py37_0
  - importlib-metadata=1.7.0=py37_0
  - importlib_metadata=1.7.0=0
  - ipykernel=5.3.4=py37h5ca1d4c_0
  - ipython=7.18.1=py37h5ca1d4c_0
  - ipython_genutils=0.2.0=py37_0
  - iqsharp=0.12.2008.2513=py37_0
  - jedi=0.17.2=py37_0
  - jinja2=2.11.2=py_0
  - jsonschema=3.2.0=py37_1
  - jupyter_client=6.1.6=py_0
  - jupyter_core=4.6.3=py37_0
  - libsodium=1.0.18=h62dcd97_0
  - m2w64-gcc-libgfortran=5.3.0=6
  - m2w64-gcc-libs=5.3.0=7
  - m2w64-gcc-libs-core=5.3.0=7
  - m2w64-gmp=6.1.0=2
  - m2w64-libwinpthread-git=5.0.0.4634.697f757=2
  - markupsafe=1.1.1=py37hfa6e2cd_1
  - mistune=0.8.4=py37hfa6e2cd_1001
  - msys2-conda-epoch=20160418=1
  - nbconvert=5.6.1=py37_1
  - nbformat=5.0.7=py_0
  - notebook=6.1.1=py37_0
  - openssl=1.1.1g=he774522_1
  - packaging=20.4=py_0
  - pandoc=2.10.1=0
  - pandocfilters=1.4.2=py37_1
  - parso=0.7.0=py_0
  - pickleshare=0.7.5=py37_1001
  - pip=20.2.2=py37_0
  - prometheus_client=0.8.0=py_0
  - prompt-toolkit=3.0.7=py_0
  - pycparser=2.20=py_2
  - pygments=2.6.1=py_0
  - pyparsing=2.4.7=py_0
  - pyrsistent=0.16.0=py37he774522_0
  - python=3.7.9=h60c2a47_0
  - python-dateutil=2.8.1=py_0
  - pywin32=227=py37he774522_1
  - pywinpty=0.5.7=py37_0
  - pyzmq=19.0.1=py37ha925a31_1
  - qsharp=0.12.2008.2513=py37_0
  - send2trash=1.5.0=py37_0
  - setuptools=49.6.0=py37_0
  - six=1.15.0=py_0
  - sqlite=3.33.0=h2a8f88b_0
  - terminado=0.8.3=py37_0
  - testpath=0.4.4=py_0
  - tornado=6.0.4=py37he774522_1
  - traitlets=4.3.3=py37_0
  - vc=14.1=h0510ff6_4
  - vs2015_runtime=14.16.27012=hf0eaf9b_3
  - wcwidth=0.2.5=py_0
  - webencodings=0.5.1=py37_1
  - wheel=0.35.1=py_0
  - wincertstore=0.2=py37_0
  - winpty=0.4.3=4
  - zeromq=4.3.2=ha925a31_2
  - zipp=3.1.0=py_0
  - zlib=1.2.11=h62dcd97_4
  - pip:
    - azure-quantum==0.13.20102604
    - cycler==0.10.0
    - kiwisolver==1.2.0
    - matplotlib==3.3.1
    - numpy==1.19.1
    - pillow==7.2.0
    - qsharp-chemistry==0.13.20102604
    - qsharp-core==0.13.20102604
    - scipy==1.5.2
prefix: C:\Users\itaykauf\Anaconda3\envs\qs-env

